0
0
38
4
5
55
55
57
6
6
64
71
8
8
86
89
9
9
92
93
1
191
102
105
105
110
110
110
114
117
120
121
130
130
130
131
138
140
145
146
167
170
170
170
174
179
180
182
190
190
194
200
205
210
220
220
230
230
230
230
230
250
250
260
260
260
260
280
280
280
300
320
320
320
340
340
360
380
380
400
410
450
472
480
500
500
540
550
550
560
580
590
590
600
640
670
680
710
740
750
760
790
790
8
840
850
870
900
1100
1100
1100
1100
1200
1200
1200
1240
1300
1400
1500
1500
1600
1600
1700
1900
1900
1900
1900
2100
2100
2100
2200
2200
3000
3300
3400
3500
3500
3500
3700
3700
4300
4900
5200
6000
6000
6700
7100