533813
61422
567134
373405
316818
525411
255016
261818
302762
962814
158219
395567
703282
742948
170195
659445
192069
551042
69385
662750
462708
981678
450637
673736
315674
362524
502309
888585
73419
169789
529414
565164
155801
851957
74647
638487
272919
465275
279917
579447
723332
286307
106692
463815
269083
193223
43742
165691
291447
920946
121294
544269
135394
660281
431650
237928
608447
369769
678820
211733
540257
538174
970878
568126
399842
962193
161166
728074
909534
164743
466752
479405
571512
425528
961568
558750
535724
790171
351905
307314
19187
225691
385312
918521
283673
496108
561277
852107
334760
158038
69373
144570
164380
411677
329528
415213
607122
601129
284752
445248
